(kicad_pcb (version 20171130) (host pcbnew "(5.1.8)-1")

  (general
    (thickness 1.6)
    (drawings 39)
    (tracks 348)
    (zones 0)
    (modules 50)
    (nets 79)
  )

  (page A4)
  (layers
    (0 F.Cu signal)
    (1 In1.Cu power)
    (2 In2.Cu power)
    (31 B.Cu signal)
    (32 B.Adhes user)
    (33 F.Adhes user)
    (34 B.Paste user)
    (35 F.Paste user)
    (36 B.SilkS user)
    (37 F.SilkS user)
    (38 B.Mask user)
    (39 F.Mask user)
    (40 Dwgs.User user)
    (41 Cmts.User user)
    (42 Eco1.User user)
    (43 Eco2.User user)
    (44 Edge.Cuts user)
    (45 Margin user)
    (46 B.CrtYd user)
    (47 F.CrtYd user)
    (48 B.Fab user)
    (49 F.Fab user hide)
  )

  (setup
    (last_trace_width 0.25)
    (user_trace_width 0.3)
    (user_trace_width 0.4)
    (user_trace_width 0.5)
    (user_trace_width 0.75)
    (user_trace_width 1)
    (trace_clearance 0.2)
    (zone_clearance 0.508)
    (zone_45_only no)
    (trace_min 0.2)
    (via_size 0.8)
    (via_drill 0.4)
    (via_min_size 0.4)
    (via_min_drill 0.3)
    (uvia_size 0.3)
    (uvia_drill 0.1)
    (uvias_allowed no)
    (uvia_min_size 0.2)
    (uvia_min_drill 0.1)
    (edge_width 0.05)
    (segment_width 0.2)
    (pcb_text_width 0.3)
    (pcb_text_size 1.5 1.5)
    (mod_edge_width 0.12)
    (mod_text_size 1 1)
    (mod_text_width 0.15)
    (pad_size 1.524 1.524)
    (pad_drill 0.762)
    (pad_to_mask_clearance 0)
    (aux_axis_origin 0 0)
    (visible_elements 7FFFFFFF)
    (pcbplotparams
      (layerselection 0x010fc_ffffffff)
      (usegerberextensions false)
      (usegerberattributes true)
      (usegerberadvancedattributes true)
      (creategerberjobfile true)
      (excludeedgelayer true)
      (linewidth 0.100000)
      (plotframeref false)
      (viasonmask false)
      (mode 1)
      (useauxorigin false)
      (hpglpennumber 1)
      (hpglpenspeed 20)
      (hpglpendiameter 15.000000)
      (psnegative false)
      (psa4output false)
      (plotreference true)
      (plotvalue true)
      (plotinvisibletext false)
      (padsonsilk false)
      (subtractmaskfromsilk false)
      (outputformat 1)
      (mirror false)
      (drillshape 1)
      (scaleselection 1)
      (outputdirectory ""))
  )

  (net 0 "")
  (net 1 "Net-(C1-Pad1)")
  (net 2 GND)
  (net 3 +3V3)
  (net 4 "Net-(C3-Pad1)")
  (net 5 BUCK_IN)
  (net 6 HSE_IN)
  (net 7 +3.3VA)
  (net 8 "Net-(C13-Pad1)")
  (net 9 BUCK_BST)
  (net 10 BUCK_SW)
  (net 11 "Net-(D1-Pad1)")
  (net 12 LED_STATUS)
  (net 13 "Net-(D2-Pad1)")
  (net 14 +5V)
  (net 15 "Net-(D4-Pad1)")
  (net 16 "Net-(F1-Pad1)")
  (net 17 "Net-(J1-Pad6)")
  (net 18 USB_CONN_D-)
  (net 19 "Net-(J1-Pad4)")
  (net 20 USB_CONN_D+)
  (net 21 +12V)
  (net 22 I2C1_SCL)
  (net 23 I2C1_SDA)
  (net 24 SWDIO)
  (net 25 SWCLK)
  (net 26 SWO)
  (net 27 "Net-(J4-Pad7)")
  (net 28 "Net-(J4-Pad8)")
  (net 29 NRST)
  (net 30 USART3_RX)
  (net 31 USART3_TX)
  (net 32 BUCK_EN)
  (net 33 "Net-(R4-Pad1)")
  (net 34 BOOT0)
  (net 35 HSE_OUT)
  (net 36 BUCK_FB)
  (net 37 "Net-(R10-Pad1)")
  (net 38 "Net-(U1-Pad2)")
  (net 39 "Net-(U1-Pad3)")
  (net 40 "Net-(U1-Pad4)")
  (net 41 "Net-(U1-Pad8)")
  (net 42 "Net-(U1-Pad9)")
  (net 43 "Net-(U1-Pad10)")
  (net 44 "Net-(U1-Pad11)")
  (net 45 "Net-(U1-Pad14)")
  (net 46 "Net-(U1-Pad15)")
  (net 47 "Net-(U1-Pad17)")
  (net 48 "Net-(U1-Pad20)")
  (net 49 "Net-(U1-Pad21)")
  (net 50 "Net-(U1-Pad22)")
  (net 51 "Net-(U1-Pad23)")
  (net 52 "Net-(U1-Pad24)")
  (net 53 "Net-(U1-Pad25)")
  (net 54 "Net-(U1-Pad26)")
  (net 55 "Net-(U1-Pad27)")
  (net 56 "Net-(U1-Pad28)")
  (net 57 "Net-(U1-Pad33)")
  (net 58 "Net-(U1-Pad34)")
  (net 59 "Net-(U1-Pad35)")
  (net 60 "Net-(U1-Pad36)")
  (net 61 "Net-(U1-Pad37)")
  (net 62 "Net-(U1-Pad38)")
  (net 63 "Net-(U1-Pad39)")
  (net 64 "Net-(U1-Pad40)")
  (net 65 "Net-(U1-Pad41)")
  (net 66 "Net-(U1-Pad42)")
  (net 67 "Net-(U1-Pad43)")
  (net 68 USB_D-)
  (net 69 USB_D+)
  (net 70 "Net-(U1-Pad50)")
  (net 71 "Net-(U1-Pad51)")
  (net 72 "Net-(U1-Pad52)")
  (net 73 "Net-(U1-Pad53)")
  (net 74 "Net-(U1-Pad54)")
  (net 75 "Net-(U1-Pad56)")
  (net 76 "Net-(U1-Pad57)")
  (net 77 "Net-(U1-Pad61)")
  (net 78 "Net-(U1-Pad62)")

  (net_class Default "This is the default net class."
    (clearance 0.2)
    (trace_width 0.25)
    (via_dia 0.8)
    (via_drill 0.4)
    (uvia_dia 0.3)
    (uvia_drill 0.1)
    (add_net +12V)
    (add_net +3.3VA)
    (add_net +3V3)
    (add_net +5V)
    (add_net BOOT0)
    (add_net BUCK_BST)
    (add_net BUCK_EN)
    (add_net BUCK_FB)
    (add_net BUCK_IN)
    (add_net BUCK_SW)
    (add_net GND)
    (add_net HSE_IN)
    (add_net HSE_OUT)
    (add_net I2C1_SCL)
    (add_net I2C1_SDA)
    (add_net LED_STATUS)
    (add_net NRST)
    (add_net "Net-(C1-Pad1)")
    (add_net "Net-(C13-Pad1)")
    (add_net "Net-(C3-Pad1)")
    (add_net "Net-(D1-Pad1)")
    (add_net "Net-(D2-Pad1)")
    (add_net "Net-(D4-Pad1)")
    (add_net "Net-(F1-Pad1)")
    (add_net "Net-(J1-Pad4)")
    (add_net "Net-(J1-Pad6)")
    (add_net "Net-(J4-Pad7)")
    (add_net "Net-(J4-Pad8)")
    (add_net "Net-(R10-Pad1)")
    (add_net "Net-(R4-Pad1)")
    (add_net "Net-(U1-Pad10)")
    (add_net "Net-(U1-Pad11)")
    (add_net "Net-(U1-Pad14)")
    (add_net "Net-(U1-Pad15)")
    (add_net "Net-(U1-Pad17)")
    (add_net "Net-(U1-Pad2)")
    (add_net "Net-(U1-Pad20)")
    (add_net "Net-(U1-Pad21)")
    (add_net "Net-(U1-Pad22)")
    (add_net "Net-(U1-Pad23)")
    (add_net "Net-(U1-Pad24)")
    (add_net "Net-(U1-Pad25)")
    (add_net "Net-(U1-Pad26)")
    (add_net "Net-(U1-Pad27)")
    (add_net "Net-(U1-Pad28)")
    (add_net "Net-(U1-Pad3)")
    (add_net "Net-(U1-Pad33)")
    (add_net "Net-(U1-Pad34)")
    (add_net "Net-(U1-Pad35)")
    (add_net "Net-(U1-Pad36)")
    (add_net "Net-(U1-Pad37)")
    (add_net "Net-(U1-Pad38)")
    (add_net "Net-(U1-Pad39)")
    (add_net "Net-(U1-Pad4)")
    (add_net "Net-(U1-Pad40)")
    (add_net "Net-(U1-Pad41)")
    (add_net "Net-(U1-Pad42)")
    (add_net "Net-(U1-Pad43)")
    (add_net "Net-(U1-Pad50)")
    (add_net "Net-(U1-Pad51)")
    (add_net "Net-(U1-Pad52)")
    (add_net "Net-(U1-Pad53)")
    (add_net "Net-(U1-Pad54)")
    (add_net "Net-(U1-Pad56)")
    (add_net "Net-(U1-Pad57)")
    (add_net "Net-(U1-Pad61)")
    (add_net "Net-(U1-Pad62)")
    (add_net "Net-(U1-Pad8)")
    (add_net "Net-(U1-Pad9)")
    (add_net SWCLK)
    (add_net SWDIO)
    (add_net SWO)
    (add_net USART3_RX)
    (add_net USART3_TX)
    (add_net USB_CONN_D+)
    (add_net USB_CONN_D-)
    (add_net USB_D+)
    (add_net USB_D-)
  )

  (module Connector_USB:USB_Micro-B_Molex-105017-0001 (layer F.Cu) (tedit 5A1DC0BE) (tstamp 5FECF2B2)
    (at 161.5 95.5 90)
    (descr http://www.molex.com/pdm_docs/sd/1050170001_sd.pdf)
    (tags "Micro-USB SMD Typ-B")
    (path /60084824)
    (attr smd)
    (fp_text reference J1 (at 0 -3.1125 90) (layer F.Fab)
      (effects (font (size 1 1) (thickness 0.15)))
    )
    (fp_text value USB_B_Micro (at 0.3 4.3375 90) (layer F.Fab)
      (effects (font (size 1 1) (thickness 0.15)))
    )
    (fp_line (start -1.1 -2.1225) (end -1.1 -1.9125) (layer F.Fab) (width 0.1))
    (fp_line (start -1.5 -2.1225) (end -1.5 -1.9125) (layer F.Fab) (width 0.1))
    (fp_line (start -1.5 -2.1225) (end -1.1 -2.1225) (layer F.Fab) (width 0.1))
    (fp_line (start -1.1 -1.9125) (end -1.3 -1.7125) (layer F.Fab) (width 0.1))
    (fp_line (start -1.3 -1.7125) (end -1.5 -1.9125) (layer F.Fab) (width 0.1))
    (fp_line (start -1.7 -2.3125) (end -1.7 -1.8625) (layer F.SilkS) (width 0.12))
    (fp_line (start -1.7 -2.3125) (end -1.25 -2.3125) (layer F.SilkS) (width 0.12))
    (fp_line (start 3.9 -1.7625) (end 3.45 -1.7625) (layer F.SilkS) (width 0.12))
    (fp_line (start 3.9 0.0875) (end 3.9 -1.7625) (layer F.SilkS) (width 0.12))
    (fp_line (start -3.9 2.6375) (end -3.9 2.3875) (layer F.SilkS) (width 0.12))
    (fp_line (start -3.75 3.3875) (end -3.75 -1.6125) (layer F.Fab) (width 0.1))
    (fp_line (start -3.75 -1.6125) (end 3.75 -1.6125) (layer F.Fab) (width 0.1))
    (fp_line (start -3.75 3.389204) (end 3.75 3.389204) (layer F.Fab) (width 0.1))
    (fp_line (start -3 2.689204) (end 3 2.689204) (layer F.Fab) (width 0.1))
    (fp_line (start 3.75 3.3875) (end 3.75 -1.6125) (layer F.Fab) (width 0.1))
    (fp_line (start 3.9 2.6375) (end 3.9 2.3875) (layer F.SilkS) (width 0.12))
    (fp_line (start -3.9 0.0875) (end -3.9 -1.7625) (layer F.SilkS) (width 0.12))
    (fp_line (start -3.9 -1.7625) (end -3.45 -1.7625) (layer F.SilkS) (width 0.12))
    (fp_line (start -4.4 3.64) (end -4.4 -2.46) (layer F.CrtYd) (width 0.05))
    (fp_line (start -4.4 -2.46) (end 4.4 -2.46) (layer F.CrtYd) (width 0.05))
    (fp_line (start 4.4 -2.46) (end 4.4 3.64) (layer F.CrtYd) (width 0.05))
    (fp_line (start -4.4 3.64) (end 4.4 3.64) (layer F.CrtYd) (width 0.05))
    (fp_text user %R (at 0 0.8875 90) (layer F.Fab)
      (effects (font (size 1 1) (thickness 0.15)))
    )
    (fp_text user "PCB Edge" (at -0.175 2.675 90) (layer Dwgs.User)
      (effects (font (size 0.5 0.5) (thickness 0.08)))
    )
    (pad 6 smd rect (at -2.9 1.2375 90) (size 1.2 1.9) (layers F.Cu F.Mask)
      (net 17 "Net-(J1-Pad6)"))
    (pad 6 smd rect (at 2.9 1.2375 90) (size 1.2 1.9) (layers F.Cu F.Mask)
      (net 17 "Net-(J1-Pad6)"))
    (pad 6 thru_hole oval (at 3.5 1.2375 90) (size 1.2 1.9) (drill oval 0.6 1.3) (layers *.Cu *.Mask)
      (net 17 "Net-(J1-Pad6)"))
    (pad 6 thru_hole oval (at -3.5 1.2375 270) (size 1.2 1.9) (drill oval 0.6 1.3) (layers *.Cu *.Mask)
      (net 17 "Net-(J1-Pad6)"))
    (pad 6 smd rect (at -1 1.2375 90) (size 1.5 1.9) (layers F.Cu F.Paste F.Mask)
      (net 17 "Net-(J1-Pad6)"))
    (pad 6 thru_hole circle (at 2.5 -1.4625 90) (size 1.45 1.45) (drill 0.85) (layers *.Cu *.Mask)
      (net 17 "Net-(J1-Pad6)"))
    (pad 3 smd rect (at 0 -1.4625 90) (size 0.4 1.35) (layers F.Cu F.Paste F.Mask)
      (net 20 USB_CONN_D+))
    (pad 4 smd rect (at 0.65 -1.4625 90) (size 0.4 1.35) (layers F.Cu F.Paste F.Mask)
      (net 19 "Net-(J1-Pad4)"))
    (pad 5 smd rect (at 1.3 -1.4625 90) (size 0.4 1.35) (layers F.Cu F.Paste F.Mask)
      (net 2 GND))
    (pad 1 smd rect (at -1.3 -1.4625 90) (size 0.4 1.35) (layers F.Cu F.Paste F.Mask)
      (net 14 +5V))
    (pad 2 smd rect (at -0.65 -1.4625 90) (size 0.4 1.35) (layers F.Cu F.Paste F.Mask)
      (net 18 USB_CONN_D-))
    (pad 6 thru_hole circle (at -2.5 -1.4625 90) (size 1.45 1.45) (drill 0.85) (layers *.Cu *.Mask)
      (net 17 "Net-(J1-Pad6)"))
    (pad 6 smd rect (at 1 1.2375 90) (size 1.5 1.9) (layers F.Cu F.Paste F.Mask)
      (net 17 "Net-(J1-Pad6)"))
    (model ${KISYS3DMOD}/Connector_USB.3dshapes/USB_Micro-B_Molex-105017-0001.wrl
      (at (xyz 0 0 0))
      (scale (xyz 1 1 1))
      (rotate (xyz 0 0 0))
    )
  )

  (module Capacitor_SMD:C_0402_1005Metric (layer F.Cu) (tedit 5F68FEEE) (tstamp 5FECF1AB)
    (at 125.95 103 90)
    (descr "Capacitor SMD 0402 (1005 Metric), square (rectangular) end terminal, IPC_7351 nominal, (Body size source: IPC-SM-782 page 76, https://www.pcb-3d.com/wordpress/wp-content/uploads/ipc-sm-782a_amendment_1_and_2.pdf), generated with kicad-footprint-generator")
    (tags capacitor)
    (path /5FEE6C1F)
    (attr smd)
    (fp_text reference C12 (at 0 -1.43 90) (layer F.Fab)
      (effects (font (size 1 1) (thickness 0.15)))
    )
    (fp_text value 10n (at 0 1.43 90) (layer F.Fab)
      (effects (font (size 1 1) (thickness 0.15)))
    )
    (fp_line (start -0.5 0.25) (end -0.5 -0.25) (layer F.Fab) (width 0.1))
    (fp_line (start -0.5 -0.25) (end 0.5 -0.25) (layer F.Fab) (width 0.1))
    (fp_line (start 0.5 -0.25) (end 0.5 0.25) (layer F.Fab) (width 0.1))
    (fp_line (start 0.5 0.25) (end -0.5 0.25) (layer F.Fab) (width 0.1))
    (fp_line (start -0.107836 -0.36) (end 0.107836 -0.36) (layer F.SilkS) (width 0.12))
    (fp_line (start -0.107836 0.36) (end 0.107836 0.36) (layer F.SilkS) (width 0.12))
    (fp_line (start -0.91 0.46) (end -0.91 -0.46) (layer F.CrtYd) (width 0.05))
    (fp_line (start -0.91 -0.46) (end 0.91 -0.46) (layer F.CrtYd) (width 0.05))
    (fp_line (start 0.91 -0.46) (end 0.91 0.46) (layer F.CrtYd) (width 0.05))
    (fp_line (start 0.91 0.46) (end -0.91 0.46) (layer F.CrtYd) (width 0.05))
    (fp_text user %R (at 0 0 90) (layer F.Fab)
      (effects (font (size 0.4 0.4) (thickness 0.06)))
    )
    (pad 2 smd roundrect (at 0.48 0 90) (size 0.56 0.62) (layers F.Cu F.Paste F.Mask) (roundrect_rratio 0.25)
      (net 2 GND))
    (pad 1 smd roundrect (at -0.48 0 90) (size 0.56 0.62) (layers F.Cu F.Paste F.Mask) (roundrect_rratio 0.25)
      (net 7 +3.3VA))
    (model ${KISYS3DMOD}/Capacitor_SMD.3dshapes/C_0402_1005Metric.wrl
      (at (xyz 0 0 0))
      (scale (xyz 1 1 1))
      (rotate (xyz 0 0 0))
    )
  )

  (module Capacitor_SMD:C_0603_1608Metric (layer F.Cu) (tedit 5F68FEEE) (tstamp 5FECF0F0)
    (at 138.7 108.8)
    (descr "Capacitor SMD 0603 (1608 Metric), square (rectangular) end terminal, IPC_7351 nominal, (Body size source: IPC-SM-782 page 76, https://www.pcb-3d.com/wordpress/wp-content/uploads/ipc-sm-782a_amendment_1_and_2.pdf), generated with kicad-footprint-generator")
    (tags capacitor)
    (path /5FEB99F5)
    (attr smd)
    (fp_text reference C1 (at 0 -1.43) (layer F.Fab)
      (effects (font (size 1 1) (thickness 0.15)))
    )
    (fp_text value 2u2 (at 0 1.43) (layer F.Fab)
      (effects (font (size 1 1) (thickness 0.15)))
    )
    (fp_line (start 1.48 0.73) (end -1.48 0.73) (layer F.CrtYd) (width 0.05))
    (fp_line (start 1.48 -0.73) (end 1.48 0.73) (layer F.CrtYd) (width 0.05))
    (fp_line (start -1.48 -0.73) (end 1.48 -0.73) (layer F.CrtYd) (width 0.05))
    (fp_line (start -1.48 0.73) (end -1.48 -0.73) (layer F.CrtYd) (width 0.05))
    (fp_line (start -0.14058 0.51) (end 0.14058 0.51) (layer F.SilkS) (width 0.12))
    (fp_line (start -0.14058 -0.51) (end 0.14058 -0.51) (layer F.SilkS) (width 0.12))
    (fp_line (start 0.8 0.4) (end -0.8 0.4) (layer F.Fab) (width 0.1))
    (fp_line (start 0.8 -0.4) (end 0.8 0.4) (layer F.Fab) (width 0.1))
    (fp_line (start -0.8 -0.4) (end 0.8 -0.4) (layer F.Fab) (width 0.1))
    (fp_line (start -0.8 0.4) (end -0.8 -0.4) (layer F.Fab) (width 0.1))
    (fp_text user %R (at 0 0) (layer F.Fab)
      (effects (font (size 0.4 0.4) (thickness 0.06)))
    )
    (pad 1 smd roundrect (at -0.775 0) (size 0.9 0.95) (layers F.Cu F.Paste F.Mask) (roundrect_rratio 0.25)
      (net 1 "Net-(C1-Pad1)"))
    (pad 2 smd roundrect (at 0.775 0) (size 0.9 0.95) (layers F.Cu F.Paste F.Mask) (roundrect_rratio 0.25)
      (net 2 GND))
    (model ${KISYS3DMOD}/Capacitor_SMD.3dshapes/C_0603_1608Metric.wrl
      (at (xyz 0 0 0))
      (scale (xyz 1 1 1))
      (rotate (xyz 0 0 0))
    )
  )

  (module Capacitor_SMD:C_0603_1608Metric (layer F.Cu) (tedit 5F68FEEE) (tstamp 5FECF101)
    (at 127.7 93.2 180)
    (descr "Capacitor SMD 0603 (1608 Metric), square (rectangular) end terminal, IPC_7351 nominal, (Body size source: IPC-SM-782 page 76, https://www.pcb-3d.com/wordpress/wp-content/uploads/ipc-sm-782a_amendment_1_and_2.pdf), generated with kicad-footprint-generator")
    (tags capacitor)
    (path /5FED730D)
    (attr smd)
    (fp_text reference C2 (at 0 -1.43) (layer F.Fab)
      (effects (font (size 1 1) (thickness 0.15)))
    )
    (fp_text value 4u7 (at 0 1.43) (layer F.Fab)
      (effects (font (size 1 1) (thickness 0.15)))
    )
    (fp_line (start 1.48 0.73) (end -1.48 0.73) (layer F.CrtYd) (width 0.05))
    (fp_line (start 1.48 -0.73) (end 1.48 0.73) (layer F.CrtYd) (width 0.05))
    (fp_line (start -1.48 -0.73) (end 1.48 -0.73) (layer F.CrtYd) (width 0.05))
    (fp_line (start -1.48 0.73) (end -1.48 -0.73) (layer F.CrtYd) (width 0.05))
    (fp_line (start -0.14058 0.51) (end 0.14058 0.51) (layer F.SilkS) (width 0.12))
    (fp_line (start -0.14058 -0.51) (end 0.14058 -0.51) (layer F.SilkS) (width 0.12))
    (fp_line (start 0.8 0.4) (end -0.8 0.4) (layer F.Fab) (width 0.1))
    (fp_line (start 0.8 -0.4) (end 0.8 0.4) (layer F.Fab) (width 0.1))
    (fp_line (start -0.8 -0.4) (end 0.8 -0.4) (layer F.Fab) (width 0.1))
    (fp_line (start -0.8 0.4) (end -0.8 -0.4) (layer F.Fab) (width 0.1))
    (fp_text user %R (at 0 0) (layer F.Fab)
      (effects (font (size 0.4 0.4) (thickness 0.06)))
    )
    (pad 1 smd roundrect (at -0.775 0 180) (size 0.9 0.95) (layers F.Cu F.Paste F.Mask) (roundrect_rratio 0.25)
      (net 3 +3V3))
    (pad 2 smd roundrect (at 0.775 0 180) (size 0.9 0.95) (layers F.Cu F.Paste F.Mask) (roundrect_rratio 0.25)
      (net 2 GND))
    (model ${KISYS3DMOD}/Capacitor_SMD.3dshapes/C_0603_1608Metric.wrl
      (at (xyz 0 0 0))
      (scale (xyz 1 1 1))
      (rotate (xyz 0 0 0))
    )
  )

  (module Capacitor_SMD:C_0603_1608Metric (layer F.Cu) (tedit 5F68FEEE) (tstamp 5FECF112)
    (at 142.35 96.15 90)
    (descr "Capacitor SMD 0603 (1608 Metric), square (rectangular) end terminal, IPC_7351 nominal, (Body size source: IPC-SM-782 page 76, https://www.pcb-3d.com/wordpress/wp-content/uploads/ipc-sm-782a_amendment_1_and_2.pdf), generated with kicad-footprint-generator")
    (tags capacitor)
    (path /5FEBA415)
    (attr smd)
    (fp_text reference C3 (at 0 -1.43 90) (layer F.Fab)
      (effects (font (size 1 1) (thickness 0.15)))
    )
    (fp_text value 2u2 (at 0 1.43 90) (layer F.Fab)
      (effects (font (size 1 1) (thickness 0.15)))
    )
    (fp_line (start -0.8 0.4) (end -0.8 -0.4) (layer F.Fab) (width 0.1))
    (fp_line (start -0.8 -0.4) (end 0.8 -0.4) (layer F.Fab) (width 0.1))
    (fp_line (start 0.8 -0.4) (end 0.8 0.4) (layer F.Fab) (width 0.1))
    (fp_line (start 0.8 0.4) (end -0.8 0.4) (layer F.Fab) (width 0.1))
    (fp_line (start -0.14058 -0.51) (end 0.14058 -0.51) (layer F.SilkS) (width 0.12))
    (fp_line (start -0.14058 0.51) (end 0.14058 0.51) (layer F.SilkS) (width 0.12))
    (fp_line (start -1.48 0.73) (end -1.48 -0.73) (layer F.CrtYd) (width 0.05))
    (fp_line (start -1.48 -0.73) (end 1.48 -0.73) (layer F.CrtYd) (width 0.05))
    (fp_line (start 1.48 -0.73) (end 1.48 0.73) (layer F.CrtYd) (width 0.05))
    (fp_line (start 1.48 0.73) (end -1.48 0.73) (layer F.CrtYd) (width 0.05))
    (fp_text user %R (at 0 0 90) (layer F.Fab)
      (effects (font (size 0.4 0.4) (thickness 0.06)))
    )
    (pad 2 smd roundrect (at 0.775 0 90) (size 0.9 0.95) (layers F.Cu F.Paste F.Mask) (roundrect_rratio 0.25)
      (net 2 GND))
    (pad 1 smd roundrect (at -0.775 0 90) (size 0.9 0.95) (layers F.Cu F.Paste F.Mask) (roundrect_rratio 0.25)
      (net 4 "Net-(C3-Pad1)"))
    (model ${KISYS3DMOD}/Capacitor_SMD.3dshapes/C_0603_1608Metric.wrl
      (at (xyz 0 0 0))
      (scale (xyz 1 1 1))
      (rotate (xyz 0 0 0))
    )
  )

  (module Capacitor_SMD:C_0402_1005Metric (layer F.Cu) (tedit 5F68FEEE) (tstamp 5FECF123)
    (at 130.8 93.4)
    (descr "Capacitor SMD 0402 (1005 Metric), square (rectangular) end terminal, IPC_7351 nominal, (Body size source: IPC-SM-782 page 76, https://www.pcb-3d.com/wordpress/wp-content/uploads/ipc-sm-782a_amendment_1_and_2.pdf), generated with kicad-footprint-generator")
    (tags capacitor)
    (path /5FED7990)
    (attr smd)
    (fp_text reference C4 (at 0 -1.16) (layer F.Fab)
      (effects (font (size 1 1) (thickness 0.15)))
    )
    (fp_text value 100n (at 0 1.16) (layer F.Fab)
      (effects (font (size 1 1) (thickness 0.15)))
    )
    (fp_line (start -0.5 0.25) (end -0.5 -0.25) (layer F.Fab) (width 0.1))
    (fp_line (start -0.5 -0.25) (end 0.5 -0.25) (layer F.Fab) (width 0.1))
    (fp_line (start 0.5 -0.25) (end 0.5 0.25) (layer F.Fab) (width 0.1))
    (fp_line (start 0.5 0.25) (end -0.5 0.25) (layer F.Fab) (width 0.1))
    (fp_line (start -0.107836 -0.36) (end 0.107836 -0.36) (layer F.SilkS) (width 0.12))
    (fp_line (start -0.107836 0.36) (end 0.107836 0.36) (layer F.SilkS) (width 0.12))
    (fp_line (start -0.91 0.46) (end -0.91 -0.46) (layer F.CrtYd) (width 0.05))
    (fp_line (start -0.91 -0.46) (end 0.91 -0.46) (layer F.CrtYd) (width 0.05))
    (fp_line (start 0.91 -0.46) (end 0.91 0.46) (layer F.CrtYd) (width 0.05))
    (fp_line (start 0.91 0.46) (end -0.91 0.46) (layer F.CrtYd) (width 0.05))
    (fp_text user %R (at 0 0) (layer F.Fab)
      (effects (font (size 0.25 0.25) (thickness 0.04)))
    )
    (pad 2 smd roundrect (at 0.48 0) (size 0.56 0.62) (layers F.Cu F.Paste F.Mask) (roundrect_rratio 0.25)
      (net 2 GND))
    (pad 1 smd roundrect (at -0.48 0) (size 0.56 0.62) (layers F.Cu F.Paste F.Mask) (roundrect_rratio 0.25)
      (net 3 +3V3))
    (model ${KISYS3DMOD}/Capacitor_SMD.3dshapes/C_0402_1005Metric.wrl
      (at (xyz 0 0 0))
      (scale (xyz 1 1 1))
      (rotate (xyz 0 0 0))
    )
  )

  (module Capacitor_SMD:C_0402_1005Metric (layer F.Cu) (tedit 5F68FEEE) (tstamp 5FECF134)
    (at 139.6 106.8)
    (descr "Capacitor SMD 0402 (1005 Metric), square (rectangular) end terminal, IPC_7351 nominal, (Body size source: IPC-SM-782 page 76, https://www.pcb-3d.com/wordpress/wp-content/uploads/ipc-sm-782a_amendment_1_and_2.pdf), generated with kicad-footprint-generator")
    (tags capacitor)
    (path /5FED82FD)
    (attr smd)
    (fp_text reference C5 (at 0 -1.16) (layer F.Fab)
      (effects (font (size 1 1) (thickness 0.15)))
    )
    (fp_text value 100n (at 0 1.16) (layer F.Fab)
      (effects (font (size 1 1) (thickness 0.15)))
    )
    (fp_line (start 0.91 0.46) (end -0.91 0.46) (layer F.CrtYd) (width 0.05))
    (fp_line (start 0.91 -0.46) (end 0.91 0.46) (layer F.CrtYd) (width 0.05))
    (fp_line (start -0.91 -0.46) (end 0.91 -0.46) (layer F.CrtYd) (width 0.05))
    (fp_line (start -0.91 0.46) (end -0.91 -0.46) (layer F.CrtYd) (width 0.05))
    (fp_line (start -0.107836 0.36) (end 0.107836 0.36) (layer F.SilkS) (width 0.12))
    (fp_line (start -0.107836 -0.36) (end 0.107836 -0.36) (layer F.SilkS) (width 0.12))
    (fp_line (start 0.5 0.25) (end -0.5 0.25) (layer F.Fab) (width 0.1))
    (fp_line (start 0.5 -0.25) (end 0.5 0.25) (layer F.Fab) (width 0.1))
    (fp_line (start -0.5 -0.25) (end 0.5 -0.25) (layer F.Fab) (width 0.1))
    (fp_line (start -0.5 0.25) (end -0.5 -0.25) (layer F.Fab) (width 0.1))
    (fp_text user %R (at 0 0) (layer F.Fab)
      (effects (font (size 0.25 0.25) (thickness 0.04)))
    )
    (pad 1 smd roundrect (at -0.48 0) (size 0.56 0.62) (layers F.Cu F.Paste F.Mask) (roundrect_rratio 0.25)
      (net 3 +3V3))
    (pad 2 smd roundrect (at 0.48 0) (size 0.56 0.62) (layers F.Cu F.Paste F.Mask) (roundrect_rratio 0.25)
      (net 2 GND))
    (model ${KISYS3DMOD}/Capacitor_SMD.3dshapes/C_0402_1005Metric.wrl
      (at (xyz 0 0 0))
      (scale (xyz 1 1 1))
      (rotate (xyz 0 0 0))
    )
  )

  (module Capacitor_SMD:C_0402_1005Metric (layer F.Cu) (tedit 5F68FEEE) (tstamp 5FECF145)
    (at 140.75 95 90)
    (descr "Capacitor SMD 0402 (1005 Metric), square (rectangular) end terminal, IPC_7351 nominal, (Body size source: IPC-SM-782 page 76, https://www.pcb-3d.com/wordpress/wp-content/uploads/ipc-sm-782a_amendment_1_and_2.pdf), generated with kicad-footprint-generator")
    (tags capacitor)
    (path /5FED8FA2)
    (attr smd)
    (fp_text reference C6 (at 0 -1.16 90) (layer F.Fab)
      (effects (font (size 1 1) (thickness 0.15)))
    )
    (fp_text value 100n (at 0 1.16 90) (layer F.Fab)
      (effects (font (size 1 1) (thickness 0.15)))
    )
    (fp_line (start -0.5 0.25) (end -0.5 -0.25) (layer F.Fab) (width 0.1))
    (fp_line (start -0.5 -0.25) (end 0.5 -0.25) (layer F.Fab) (width 0.1))
    (fp_line (start 0.5 -0.25) (end 0.5 0.25) (layer F.Fab) (width 0.1))
    (fp_line (start 0.5 0.25) (end -0.5 0.25) (layer F.Fab) (width 0.1))
    (fp_line (start -0.107836 -0.36) (end 0.107836 -0.36) (layer F.SilkS) (width 0.12))
    (fp_line (start -0.107836 0.36) (end 0.107836 0.36) (layer F.SilkS) (width 0.12))
    (fp_line (start -0.91 0.46) (end -0.91 -0.46) (layer F.CrtYd) (width 0.05))
    (fp_line (start -0.91 -0.46) (end 0.91 -0.46) (layer F.CrtYd) (width 0.05))
    (fp_line (start 0.91 -0.46) (end 0.91 0.46) (layer F.CrtYd) (width 0.05))
    (fp_line (start 0.91 0.46) (end -0.91 0.46) (layer F.CrtYd) (width 0.05))
    (fp_text user %R (at 0 0 90) (layer F.Fab)
      (effects (font (size 0.25 0.25) (thickness 0.04)))
    )
    (pad 2 smd roundrect (at 0.48 0 90) (size 0.56 0.62) (layers F.Cu F.Paste F.Mask) (roundrect_rratio 0.25)
      (net 2 GND))
    (pad 1 smd roundrect (at -0.48 0 90) (size 0.56 0.62) (layers F.Cu F.Paste F.Mask) (roundrect_rratio 0.25)
      (net 3 +3V3))
    (model ${KISYS3DMOD}/Capacitor_SMD.3dshapes/C_0402_1005Metric.wrl
      (at (xyz 0 0 0))
      (scale (xyz 1 1 1))
      (rotate (xyz 0 0 0))
    )
  )

  (module Capacitor_SMD:C_1206_3216Metric (layer F.Cu) (tedit 5F68FEEE) (tstamp 5FECF156)
    (at 151.95 110.75)
    (descr "Capacitor SMD 1206 (3216 Metric), square (rectangular) end terminal, IPC_7351 nominal, (Body size source: IPC-SM-782 page 76, https://www.pcb-3d.com/wordpress/wp-content/uploads/ipc-sm-782a_amendment_1_and_2.pdf), generated with kicad-footprint-generator")
    (tags capacitor)
    (path /5FF8EC4A)
    (attr smd)
    (fp_text reference C7 (at 0 -1.85) (layer F.Fab)
      (effects (font (size 1 1) (thickness 0.15)))
    )
    (fp_text value 10u (at 0 1.85) (layer F.Fab)
      (effects (font (size 1 1) (thickness 0.15)))
    )
    (fp_line (start -1.6 0.8) (end -1.6 -0.8) (layer F.Fab) (width 0.1))
    (fp_line (start -1.6 -0.8) (end 1.6 -0.8) (layer F.Fab) (width 0.1))
    (fp_line (start 1.6 -0.8) (end 1.6 0.8) (layer F.Fab) (width 0.1))
    (fp_line (start 1.6 0.8) (end -1.6 0.8) (layer F.Fab) (width 0.1))
    (fp_line (start -0.711252 -0.91) (end 0.711252 -0.91) (layer F.SilkS) (width 0.12))
    (fp_line (start -0.711252 0.91) (end 0.711252 0.91) (layer F.SilkS) (width 0.12))
    (fp_line (start -2.3 1.15) (end -2.3 -1.15) (layer F.CrtYd) (width 0.05))
    (fp_line (start -2.3 -1.15) (end 2.3 -1.15) (layer F.CrtYd) (width 0.05))
    (fp_line (start 2.3 -1.15) (end 2.3 1.15) (layer F.CrtYd) (width 0.05))
    (fp_line (start 2.3 1.15) (end -2.3 1.15) (layer F.CrtYd) (width 0.05))
    (fp_text user %R (at 0 0) (layer F.Fab)
      (effects (font (size 0.8 0.8) (thickness 0.12)))
    )
    (pad 2 smd roundrect (at 1.475 0) (size 1.15 1.8) (layers F.Cu F.Paste F.Mask) (roundrect_rratio 0.217391)
      (net 2 GND))
    (pad 1 smd roundrect (at -1.475 0) (size 1.15 1.8) (layers F.Cu F.Paste F.Mask) (roundrect_rratio 0.217391)
      (net 5 BUCK_IN))
    (model ${KISYS3DMOD}/Capacitor_SMD.3dshapes/C_1206_3216Metric.wrl
      (at (xyz 0 0 0))
      (scale (xyz 1 1 1))
      (rotate (xyz 0 0 0))
    )
  )

  (module Capacitor_SMD:C_0402_1005Metric (layer F.Cu) (tedit 5F68FEEE) (tstamp 5FECF167)
    (at 126.95 96.5 90)
    (descr "Capacitor SMD 0402 (1005 Metric), square (rectangular) end terminal, IPC_7351 nominal, (Body size source: IPC-SM-782 page 76, https://www.pcb-3d.com/wordpress/wp-content/uploads/ipc-sm-782a_amendment_1_and_2.pdf), generated with kicad-footprint-generator")
    (tags capacitor)
    (path /5FED92D5)
    (attr smd)
    (fp_text reference C8 (at 0 -1.16 90) (layer F.Fab)
      (effects (font (size 1 1) (thickness 0.15)))
    )
    (fp_text value 100n (at 0 1.16 90) (layer F.Fab)
      (effects (font (size 1 1) (thickness 0.15)))
    )
    (fp_line (start 0.91 0.46) (end -0.91 0.46) (layer F.CrtYd) (width 0.05))
    (fp_line (start 0.91 -0.46) (end 0.91 0.46) (layer F.CrtYd) (width 0.05))
    (fp_line (start -0.91 -0.46) (end 0.91 -0.46) (layer F.CrtYd) (width 0.05))
    (fp_line (start -0.91 0.46) (end -0.91 -0.46) (layer F.CrtYd) (width 0.05))
    (fp_line (start -0.107836 0.36) (end 0.107836 0.36) (layer F.SilkS) (width 0.12))
    (fp_line (start -0.107836 -0.36) (end 0.107836 -0.36) (layer F.SilkS) (width 0.12))
    (fp_line (start 0.5 0.25) (end -0.5 0.25) (layer F.Fab) (width 0.1))
    (fp_line (start 0.5 -0.25) (end 0.5 0.25) (layer F.Fab) (width 0.1))
    (fp_line (start -0.5 -0.25) (end 0.5 -0.25) (layer F.Fab) (width 0.1))
    (fp_line (start -0.5 0.25) (end -0.5 -0.25) (layer F.Fab) (width 0.1))
    (fp_text user %R (at 0 0 90) (layer F.Fab)
      (effects (font (size 0.25 0.25) (thickness 0.04)))
    )
    (pad 1 smd roundrect (at -0.48 0 90) (size 0.56 0.62) (layers F.Cu F.Paste F.Mask) (roundrect_rratio 0.25)
      (net 3 +3V3))
    (pad 2 smd roundrect (at 0.48 0 90) (size 0.56 0.62) (layers F.Cu F.Paste F.Mask) (roundrect_rratio 0.25)
      (net 2 GND))
    (model ${KISYS3DMOD}/Capacitor_SMD.3dshapes/C_0402_1005Metric.wrl
      (at (xyz 0 0 0))
      (scale (xyz 1 1 1))
      (rotate (xyz 0 0 0))
    )
  )

  (module Capacitor_SMD:C_0402_1005Metric (layer F.Cu) (tedit 5F68FEEE) (tstamp 5FECF178)
    (at 131.2 108.25 180)
    (descr "Capacitor SMD 0402 (1005 Metric), square (rectangular) end terminal, IPC_7351 nominal, (Body size source: IPC-SM-782 page 76, https://www.pcb-3d.com/wordpress/wp-content/uploads/ipc-sm-782a_amendment_1_and_2.pdf), generated with kicad-footprint-generator")
    (tags capacitor)
    (path /5FED9A91)
    (attr smd)
    (fp_text reference C9 (at 0 -1.16) (layer F.Fab)
      (effects (font (size 1 1) (thickness 0.15)))
    )
    (fp_text value 100n (at 0 1.16) (layer F.Fab)
      (effects (font (size 1 1) (thickness 0.15)))
    )
    (fp_line (start -0.5 0.25) (end -0.5 -0.25) (layer F.Fab) (width 0.1))
    (fp_line (start -0.5 -0.25) (end 0.5 -0.25) (layer F.Fab) (width 0.1))
    (fp_line (start 0.5 -0.25) (end 0.5 0.25) (layer F.Fab) (width 0.1))
    (fp_line (start 0.5 0.25) (end -0.5 0.25) (layer F.Fab) (width 0.1))
    (fp_line (start -0.107836 -0.36) (end 0.107836 -0.36) (layer F.SilkS) (width 0.12))
    (fp_line (start -0.107836 0.36) (end 0.107836 0.36) (layer F.SilkS) (width 0.12))
    (fp_line (start -0.91 0.46) (end -0.91 -0.46) (layer F.CrtYd) (width 0.05))
    (fp_line (start -0.91 -0.46) (end 0.91 -0.46) (layer F.CrtYd) (width 0.05))
    (fp_line (start 0.91 -0.46) (end 0.91 0.46) (layer F.CrtYd) (width 0.05))
    (fp_line (start 0.91 0.46) (end -0.91 0.46) (layer F.CrtYd) (width 0.05))
    (fp_text user %R (at 0 0) (layer F.Fab)
      (effects (font (size 0.25 0.25) (thickness 0.04)))
    )
    (pad 2 smd roundrect (at 0.48 0 180) (size 0.56 0.62) (layers F.Cu F.Paste F.Mask) (roundrect_rratio 0.25)
      (net 2 GND))
    (pad 1 smd roundrect (at -0.48 0 180) (size 0.56 0.62) (layers F.Cu F.Paste F.Mask) (roundrect_rratio 0.25)
      (net 3 +3V3))
    (model ${KISYS3DMOD}/Capacitor_SMD.3dshapes/C_0402_1005Metric.wrl
      (at (xyz 0 0 0))
      (scale (xyz 1 1 1))
      (rotate (xyz 0 0 0))
    )
  )

  (module Capacitor_SMD:C_0402_1005Metric (layer F.Cu) (tedit 5F68FEEE) (tstamp 5FECF189)
    (at 123.7 96)
    (descr "Capacitor SMD 0402 (1005 Metric), square (rectangular) end terminal, IPC_7351 nominal, (Body size source: IPC-SM-782 page 76, https://www.pcb-3d.com/wordpress/wp-content/uploads/ipc-sm-782a_amendment_1_and_2.pdf), generated with kicad-footprint-generator")
    (tags capacitor)
    (path /5FEF0D61)
    (attr smd)
    (fp_text reference C10 (at 0 -1.16) (layer F.Fab)
      (effects (font (size 1 1) (thickness 0.15)))
    )
    (fp_text value 12p (at 0 1.16) (layer F.Fab)
      (effects (font (size 1 1) (thickness 0.15)))
    )
    (fp_line (start -0.5 0.25) (end -0.5 -0.25) (layer F.Fab) (width 0.1))
    (fp_line (start -0.5 -0.25) (end 0.5 -0.25) (layer F.Fab) (width 0.1))
    (fp_line (start 0.5 -0.25) (end 0.5 0.25) (layer F.Fab) (width 0.1))
    (fp_line (start 0.5 0.25) (end -0.5 0.25) (layer F.Fab) (width 0.1))
    (fp_line (start -0.107836 -0.36) (end 0.107836 -0.36) (layer F.SilkS) (width 0.12))
    (fp_line (start -0.107836 0.36) (end 0.107836 0.36) (layer F.SilkS) (width 0.12))
    (fp_line (start -0.91 0.46) (end -0.91 -0.46) (layer F.CrtYd) (width 0.05))
    (fp_line (start -0.91 -0.46) (end 0.91 -0.46) (layer F.CrtYd) (width 0.05))
    (fp_line (start 0.91 -0.46) (end 0.91 0.46) (layer F.CrtYd) (width 0.05))
    (fp_line (start 0.91 0.46) (end -0.91 0.46) (layer F.CrtYd) (width 0.05))
    (fp_text user %R (at 0 0) (layer F.Fab)
      (effects (font (size 0.25 0.25) (thickness 0.04)))
    )
    (pad 2 smd roundrect (at 0.48 0) (size 0.56 0.62) (layers F.Cu F.Paste F.Mask) (roundrect_rratio 0.25)
      (net 2 GND))
    (pad 1 smd roundrect (at -0.48 0) (size 0.56 0.62) (layers F.Cu F.Paste F.Mask) (roundrect_rratio 0.25)
      (net 6 HSE_IN))
    (model ${KISYS3DMOD}/Capacitor_SMD.3dshapes/C_0402_1005Metric.wrl
      (at (xyz 0 0 0))
      (scale (xyz 1 1 1))
      (rotate (xyz 0 0 0))
    )
  )

  (module Capacitor_SMD:C_0402_1005Metric (layer F.Cu) (tedit 5F68FEEE) (tstamp 5FECF19A)
    (at 126.95 103 90)
    (descr "Capacitor SMD 0402 (1005 Metric), square (rectangular) end terminal, IPC_7351 nominal, (Body size source: IPC-SM-782 page 76, https://www.pcb-3d.com/wordpress/wp-content/uploads/ipc-sm-782a_amendment_1_and_2.pdf), generated with kicad-footprint-generator")
    (tags capacitor)
    (path /5FEE5D7C)
    (attr smd)
    (fp_text reference C11 (at 0 -1.16 90) (layer F.Fab)
      (effects (font (size 1 1) (thickness 0.15)))
    )
    (fp_text value 1u (at 0 1.16 90) (layer F.Fab)
      (effects (font (size 1 1) (thickness 0.15)))
    )
    (fp_line (start 0.91 0.46) (end -0.91 0.46) (layer F.CrtYd) (width 0.05))
    (fp_line (start 0.91 -0.46) (end 0.91 0.46) (layer F.CrtYd) (width 0.05))
    (fp_line (start -0.91 -0.46) (end 0.91 -0.46) (layer F.CrtYd) (width 0.05))
    (fp_line (start -0.91 0.46) (end -0.91 -0.46) (layer F.CrtYd) (width 0.05))
    (fp_line (start -0.107836 0.36) (end 0.107836 0.36) (layer F.SilkS) (width 0.12))
    (fp_line (start -0.107836 -0.36) (end 0.107836 -0.36) (layer F.SilkS) (width 0.12))
    (fp_line (start 0.5 0.25) (end -0.5 0.25) (layer F.Fab) (width 0.1))
    (fp_line (start 0.5 -0.25) (end 0.5 0.25) (layer F.Fab) (width 0.1))
    (fp_line (start -0.5 -0.25) (end 0.5 -0.25) (layer F.Fab) (width 0.1))
    (fp_line (start -0.5 0.25) (end -0.5 -0.25) (layer F.Fab) (width 0.1))
    (fp_text user %R (at 0 0 90) (layer F.Fab)
      (effects (font (size 0.25 0.25) (thickness 0.04)))
    )
    (pad 1 smd roundrect (at -0.48 0 90) (size 0.56 0.62) (layers F.Cu F.Paste F.Mask) (roundrect_rratio 0.25)
      (net 7 +3.3VA))
    (pad 2 smd roundrect (at 0.48 0 90) (size 0.56 0.62) (layers F.Cu F.Paste F.Mask) (roundrect_rratio 0.25)
      (net 2 GND))
    (model ${KISYS3DMOD}/Capacitor_SMD.3dshapes/C_0402_1005Metric.wrl
      (at (xyz 0 0 0))
      (scale (xyz 1 1 1))
      (rotate (xyz 0 0 0))
    )
  )

  (module Capacitor_SMD:C_0402_1005Metric (layer F.Cu) (tedit 5F68FEEE) (tstamp 5FECF1BC)
    (at 123.7 101.45 180)
    (descr "Capacitor SMD 0402 (1005 Metric), square (rectangular) end terminal, IPC_7351 nominal, (Body size source: IPC-SM-782 page 76, https://www.pcb-3d.com/wordpress/wp-content/uploads/ipc-sm-782a_amendment_1_and_2.pdf), generated with kicad-footprint-generator")
    (tags capacitor)
    (path /5FEF0048)
    (attr smd)
    (fp_text reference C13 (at 0 -1.16) (layer F.Fab)
      (effects (font (size 1 1) (thickness 0.15)))
    )
    (fp_text value 12p (at 0 1.16) (layer F.Fab)
      (effects (font (size 1 1) (thickness 0.15)))
    )
    (fp_line (start 0.91 0.46) (end -0.91 0.46) (layer F.CrtYd) (width 0.05))
    (fp_line (start 0.91 -0.46) (end 0.91 0.46) (layer F.CrtYd) (width 0.05))
    (fp_line (start -0.91 -0.46) (end 0.91 -0.46) (layer F.CrtYd) (width 0.05))
    (fp_line (start -0.91 0.46) (end -0.91 -0.46) (layer F.CrtYd) (width 0.05))
    (fp_line (start -0.107836 0.36) (end 0.107836 0.36) (layer F.SilkS) (width 0.12))
    (fp_line (start -0.107836 -0.36) (end 0.107836 -0.36) (layer F.SilkS) (width 0.12))
    (fp_line (start 0.5 0.25) (end -0.5 0.25) (layer F.Fab) (width 0.1))
    (fp_line (start 0.5 -0.25) (end 0.5 0.25) (layer F.Fab) (width 0.1))
    (fp_line (start -0.5 -0.25) (end 0.5 -0.25) (layer F.Fab) (width 0.1))
    (fp_line (start -0.5 0.25) (end -0.5 -0.25) (layer F.Fab) (width 0.1))
    (fp_text user %R (at 0 0) (layer F.Fab)
      (effects (font (size 0.25 0.25) (thickness 0.04)))
    )
    (pad 1 smd roundrect (at -0.48 0 180) (size 0.56 0.62) (layers F.Cu F.Paste F.Mask) (roundrect_rratio 0.25)
      (net 8 "Net-(C13-Pad1)"))
    (pad 2 smd roundrect (at 0.48 0 180) (size 0.56 0.62) (layers F.Cu F.Paste F.Mask) (roundrect_rratio 0.25)
      (net 2 GND))
    (model ${KISYS3DMOD}/Capacitor_SMD.3dshapes/C_0402_1005Metric.wrl
      (at (xyz 0 0 0))
      (scale (xyz 1 1 1))
      (rotate (xyz 0 0 0))
    )
  )

  (module Capacitor_SMD:C_1206_3216Metric (layer F.Cu) (tedit 5F68FEEE) (tstamp 5FECF1CD)
    (at 144.925 120.2)
    (descr "Capacitor SMD 1206 (3216 Metric), square (rectangular) end terminal, IPC_7351 nominal, (Body size source: IPC-SM-782 page 76, https://www.pcb-3d.com/wordpress/wp-content/uploads/ipc-sm-782a_amendment_1_and_2.pdf), generated with kicad-footprint-generator")
    (tags capacitor)
    (path /5FECE163)
    (attr smd)
    (fp_text reference C14 (at 0 -1.85) (layer F.Fab)
      (effects (font (size 1 1) (thickness 0.15)))
    )
    (fp_text value 10u (at 0 1.85) (layer F.Fab)
      (effects (font (size 1 1) (thickness 0.15)))
    )
    (fp_line (start 2.3 1.15) (end -2.3 1.15) (layer F.CrtYd) (width 0.05))
    (fp_line (start 2.3 -1.15) (end 2.3 1.15) (layer F.CrtYd) (width 0.05))
    (fp_line (start -2.3 -1.15) (end 2.3 -1.15) (layer F.CrtYd) (width 0.05))
    (fp_line (start -2.3 1.15) (end -2.3 -1.15) (layer F.CrtYd) (width 0.05))
    (fp_line (start -0.711252 0.91) (end 0.711252 0.91) (layer F.SilkS) (width 0.12))
    (fp_line (start -0.711252 -0.91) (end 0.711252 -0.91) (layer F.SilkS) (width 0.12))
    (fp_line (start 1.6 0.8) (end -1.6 0.8) (layer F.Fab) (width 0.1))
    (fp_line (start 1.6 -0.8) (end 1.6 0.8) (layer F.Fab) (width 0.1))
    (fp_line (start -1.6 -0.8) (end 1.6 -0.8) (layer F.Fab) (width 0.1))
    (fp_line (start -1.6 0.8) (end -1.6 -0.8) (layer F.Fab) (width 0.1))
    (fp_text user %R (at 0 0) (layer F.Fab)
      (effects (font (size 0.8 0.8) (thickness 0.12)))
    )
    (pad 1 smd roundrect (at -1.475 0) (size 1.15 1.8) (layers F.Cu F.Paste F.Mask) (roundrect_rratio 0.217391)
      (net 3 +3V3))
    (pad 2 smd roundrect (at 1.475 0) (size 1.15 1.8) (layers F.Cu F.Paste F.Mask) (roundrect_rratio 0.217391)
      (net 2 GND))
    (model ${KISYS3DMOD}/Capacitor_SMD.3dshapes/C_1206_3216Metric.wrl
      (at (xyz 0 0 0))
      (scale (xyz 1 1 1))
      (rotate (xyz 0 0 0))
    )
  )

  (module Capacitor_SMD:C_1206_3216Metric (layer F.Cu) (tedit 5F68FEEE) (tstamp 5FECF1DE)
    (at 144.95 122.95)
    (descr "Capacitor SMD 1206 (3216 Metric), square (rectangular) end terminal, IPC_7351 nominal, (Body size source: IPC-SM-782 page 76, https://www.pcb-3d.com/wordpress/wp-content/uploads/ipc-sm-782a_amendment_1_and_2.pdf), generated with kicad-footprint-generator")
    (tags capacitor)
    (path /5FECEF11)
    (attr smd)
    (fp_text reference C15 (at 0 -1.85) (layer F.Fab)
      (effects (font (size 1 1) (thickness 0.15)))
    )
    (fp_text value 10u (at 0 1.85) (layer F.Fab)
      (effects (font (size 1 1) (thickness 0.15)))
    )
    (fp_line (start 2.3 1.15) (end -2.3 1.15) (layer F.CrtYd) (width 0.05))
    (fp_line (start 2.3 -1.15) (end 2.3 1.15) (layer F.CrtYd) (width 0.05))
    (fp_line (start -2.3 -1.15) (end 2.3 -1.15) (layer F.CrtYd) (width 0.05))
    (fp_line (start -2.3 1.15) (end -2.3 -1.15) (layer F.CrtYd) (width 0.05))
    (fp_line (start -0.711252 0.91) (end 0.711252 0.91) (layer F.SilkS) (width 0.12))
    (fp_line (start -0.711252 -0.91) (end 0.711252 -0.91) (layer F.SilkS) (width 0.12))
    (fp_line (start 1.6 0.8) (end -1.6 0.8) (layer F.Fab) (width 0.1))
    (fp_line (start 1.6 -0.8) (end 1.6 0.8) (layer F.Fab) (width 0.1))
    (fp_line (start -1.6 -0.8) (end 1.6 -0.8) (layer F.Fab) (width 0.1))
    (fp_line (start -1.6 0.8) (end -1.6 -0.8) (layer F.Fab) (width 0.1))
    (fp_text user %R (at 0 0) (layer F.Fab)
      (effects (font (size 0.8 0.8) (thickness 0.12)))
    )
    (pad 1 smd roundrect (at -1.475 0) (size 1.15 1.8) (layers F.Cu F.Paste F.Mask) (roundrect_rratio 0.217391)
      (net 3 +3V3))
    (pad 2 smd roundrect (at 1.475 0) (size 1.15 1.8) (layers F.Cu F.Paste F.Mask) (roundrect_rratio 0.217391)
      (net 2 GND))
